$ANSIBLE_VAULT;1.1;AES256
39303436383536376362653237356665343634653433323530376431393762333366313832333132
6130316635636131656137623737616664346231613935630a333166373162373531663535396438
66326237366263613236333335643334613564616634363731383334626438663838373032353932
3634616233323132620a323332306364643734373935383262623364363363646462653861383438
63396437363039363865616163643533376534356336376664653637666131653162366564656331
31333166383739393334626530383930666130373735366430386461643538373032303734636262
38643032653830636435363230373030366565386330393634353961626137663766373137323734
33363361306361623761383333616535663734343464643534363765313364336438393639326230
65616364323733666434383733636662366363303366333438363862633834303831323634386337
34376266646534393437346165306538373865306665366261613335393035323231623434373836
39623733623531313138343039363533303231323764643539383731633537383062393937383761
63343061356230363538386339303234373165323731383430613135623233653431633266333730
63303365363131366132333135643732343334323236346237386365306230643463626230303534
34616665623030363833323533356338363635633461636439363639326335343837393237306335
36663037323039353138633739343435386264653765623732396434663465346264636561666533
62363365656535343662306632363166373265376333633763346232346361353533373133663236
64653262613766626431633864313031623232313831656333353734346463386132306534633466
61363630366230353565623164643865323933323239653832613330633738313837303530313136
64326563666133616437643539623763393038623534393531383134353830346266643236623464
31333036373661373939663030633562333636666433623635316263393639383763303438396466
32346264393832613037393639663665376537333063633961393230346335343439396166393131
30316132373162613332333332306535383532323064623238333066386533376538663338656439
35383533353562386132373530366662333233393761383266316230313764313835636631323532
34343939666435323562396564343631353664616464663330313666623061626631383235313235
35626436363062663531393330633234326564373032303933333536656262373163626365373439
64636633383462303633626436346534326163666131643762643231303534356433633633633939
39386531663039336637396339643962666132303932363735396333336537303964663039396562
37343939656164313339643234316635323166653261303636386437316239623134626438306332
38666637356232663736386433616632396535313030636163613735626530646165343534343564
31663261666166646435643939353939303736343065643263333065666536396466353133353935
33656366383839333063336562663762343961626338623838653835303162363231336434353963
34653333613963393862623333653339396132326463666630376339626563623861333334396334
33353166393036613935373335663132303330313466393736353537386539383235653466613566
32313137316539326366316435353838623066306534336238376230343734366361616163396238
37396432313066616232643366363632303038333066323130363365386638633536316163396537
36613434636631613261373833653937316533333662393637383934636163656239653136613165
36363563643430623935623265326437613563393134386466393230386566303365613066306438
37623166323163663961643532383363623930343364333733643539316634653163616234643037
62626139383766353633326535306630623732646165366337376439646462326664613038313065
36666365323062333437363833383132643730346234353764646131303563386639643463373663
65363035653530303666356563313163366630393165633463633861633830633530373861626535
63616239303665376631363965383139346364366564393363656232303434346431393732356437
39393065633661313430343761633834353838323339633766626461613562383839343735343261
35313666353231386361393437363463626462336633313562363037646233663163333431613936
66613030643536356131313136373738643035376561363532636236333364653965336461336431
34353961653163623835386265313662393336616463623933663338353534356634613439356263
64626435376464363132363430613632636530303433353832373432633261616632623336633338
36623237336362333937633434366631653338333938613338326430303432623032336638373236
65663431613037303065396232333761333836643531373533616438383934396566336266303863
39306663663461373439616230666534346537626438323764636566663532663733303833313939
37383061353633323864653030333330363761383030666533373063373139396563616633663336
31323862623664343130663331366434643537363865373936336465626539616137386565316234
32343831353465343063343133366662646665353164383333656133666630343331633364653932
31323166633638366533666231613830633435393366326636646466633539353039386430636231
66626532613030613062376665643733316230346439343763363466333531333062656533313331
31666235313165396239633664336338303232636439336163383139656535396262323534613436
65336538656131663164396562333030313763613362666631303235393335313636613862313937
39616663313336343739373837663637616466626233643533353963383365653861326138386331
31613733353637363464313031366130626434386430653831343831633863613538366237333365
34373466623232346530636133643734626231336130636637653664393238396536383237336330
35313561653362356231626262643633373630336237343030636264383838366339636264343133
33376134623332623965333134363036306239396437343236616435633231353866316262303835
39303461666163666461616435363531623538613766653431663934623334393435363734326330
64373862613263346134356662373036316537623762616361323736636135653938623663316631
32633030313363613039313534363163646531643033346337396364333837336430353737366631
65643861616536393230393237656562393861343436343362366335633836613062303964333932
30376466353963323234633435336334396536623764313836383235643562303234373835626433
35306535313138636463306637326464313035636662623531333366376232653063653264396663
35303164373365323966656139353436366462646539663232633365363737666237656663343031
36623065376531303531666137633039323238653437336537383365303532333436313532613666
65633762363731346236323364326530333464313231653939356531343961613737393434333435
65666135613732306333613031616661376237323130663264646432663837323637323539643463
32333238323662343838666232323265373830656634646266616637383634363533303532666538
34373338336231366266346464646432316432336661303266356134663831363430303038656431
39333535343734613261353363313165646439376338663830356131313834636131333338643764
30336338316138353166373639636463336139393663323732333537323930343939373932633066
64626434323365323339313262373436643262343464353333663261633438653264623937616132
61393366623037313566353537623336356533623066316330666365396230303635393230643261
62346265656636626234366365356236396430616437663337633233333162363264313234663964
36396432616634396435333163326131383965636363376133336131663431376135323936353638
66356465333338633036363233323732363064366232386337636462663736366633666663373463
37383738363732333733316534643539396362306438313265356561373034336436323235336133
36633731323337313632633337636534363166366338353031373735663265306133633836656464
64333762393165396163646137393237323439383537353433326561626462376662383038616261
66633261623135323430313136643137306162366233373262393330616434313935323638623765
65356332323331386461303230366361356265356334663739363964613934333131666561366665
65386361363863363861643762343831366136663335363635376433313066393861356362633238
65336534376563656163636365396264653038353931653839636564326134356633633030303731
35326638663632623733303266393361336132326363643161613365623361656261306233386631
34393835353663303133333536376136316439316564373535353762336131626636306630393161
61666136323961323231326135356537393334326266343139383263326334666261393439643262
34373165346135643165343330653565396236306632653931303930366562393766333033346563
34646539623736356465326332626638656265666561663861353838373538366432653335623532
35623061656235626635643332396165393936363932313137626237393330313365346236363061
30373363623364373064623765346664333233383737316237623231633963633032646638393834
31373336623735616666393938393638646439343165616238343130336636363466653864643530
32643739336537316236343462373262363630613262613265326233316163663265643237663630
66633266306363303066333338383937653066656130643964653864333461306234366561386232
33366639656539613336623135656165333965306532613332333136323663373138303739623765
30353561343432343261343966383363333365643333656234616430353262373861613834333734
61373731303132663863653964623031616431616165393430343438336233623136653332656236
35383734323063623035636264303230316663313939613064623431616536323365376531366133
33333331303065656638666531656134303763376162613138386536653563616639316663373665
61396339653665663931353835663733366433363238646539376463623537343534396663616532
65373365633732396431396565353737346463396133303835666339323736323434343563346465
65316339306366336437353263643465373963323266613839386638373730336330373330366133
61643662623762636636616266643435353437323262363561303234303331396536666164643066
31376564666366393266653035616139363836616332366236386237656335303966323361386161
39636263326234336633303162353466333438636237356334656430633032303833336434366664
37336631363862386361656135303363393538633962356665353139316161383734653332393763
37393930363932633435326431323062323963353063326231333461353763356133666631333364
62636562326266303130343262643034663134353032316336366639343331366237646164326664
35613931333465303634303565613261613138323262333132303035653430326234353036396364
62336264396361643666646336663034636165616132616637383431333965306434666433613961
31656333333233613862353437303437373535666164313431626466616565336364336634383262
38363564383739343432666634356162316665343037343137613736333839656664616331613434
39663161363466363265643830333362343235656531666334653032663365356365396130356432
30336433643966386532353164616661653134366564346431366237393839623962636135646635
35313233383738306432323139396163383064316334366366363437373735623135366237656233
35376134343939393366
